4340544
7067471
9105870
5479319
3826431
9158314
4180227
1755025
9957280
9017407
6571183
463992
7714593
3314774
6486510
2404189
8551342
5234192
9143507
7985167
9303333
9757296
739838
667619
7101764
7482259
7269176
988246
2892035
1748620
3689701
2426155
7490360
1844659
6035161
3156002
6767408
7864232
1725952
4590174
2054592
6772381
7937147
7218949
9522639
1005396
5788639
1701744
7663740
9699964
247663
2438473
5479214
2802362
4915505
7357878
9176837
1893233
4778732
706370
1539621
773777
3042934
919060
3345893
8548518
4366760
7823617
8785411
8118097
2240587
8492610
8495546
1328700
3503052
8952808
2183999
6335054
5686919
6018335
3640317
3499986
191573
4982850
878838
9010001
5382206
1434311
3093239
3624284
2336237
9601137
9711499
1041241
2847699
2363540
9074729
2365614
4743263
5237583
9860460
1350172
5873940
5537598
5348109
8384959
2169788
9726504
2780259
8686384
758243
4261286
9488298
3526510
9758172
4526517
6986019
9524603
7410801
622713
32753
4539265
4666094
9645233
1652120
4247608
4210828
9866075
7468818
8431439
1735788
34679
4480183
2819072
558593
5369850
4779232
1221199
1641414
3155015
3840331
3972484
7696159
4010966
4097606
5325700
2111826
7648268
6801008
2577122
2559110
3345924
918271
9121468
1546638
8620422
5336489
8289273
5173464
4002725
6259965
3312645
9626747
5899366
2737540
4856705
7426467
2952859
200426
2659662
1366138
7817829
1049493
3516607
9916886
5920502
7279003
8349398
9460018
4564578
8223353
5812042
4029879
86436
5407016
5828914
4755023
1953793
589371
849166
8383484
1457129
5130632
5278348
6200440
8581671
2248846
9527266
2358206
4794785
5358640
7064607
9735108
6770962
8028750
3595929
4548147
7842064
4997555
2495961
222839
448264
755098
528409
661569
5725566
7329085
988696
1769917
1155563
6774806
6147540
3650741
5885073
5420054
8360493
9541450
6766634
5892118
5700296
8665360
8650911
2372453
7381192
539017
6160548
3184504
649371
6800808
3679706
9801397
940151
1710294
7098711
524271
2834914
4551947
7859190
1571295
230394
1232016
3858445
5055930
9856830
385108
6005610
7525667
5203276
2840862
5795311
365726
5537803
5905391
1702657
3713587
2213410
3682518
7937987
3628538
7149486
6723339
1968776
1445827
4252098
3307426
9963668
8628702
6719052
7314497
6090044
7406347
2458544
5162364
458578
225120
7180570
4917340
5918750
999849
3701638
2210283
9237351
567364
5395446
9829487
2213162
3133715
7941101
5156454
1676656
1168310
3138412
3339078
9181886
2712693
805315
5167244
5512593
7800144
4030335
9967642
7296579
3267299
1364178
2938487
2358021
7104442
9096377
7702753
2649710
2341974
2428813
2503685
3315127
4793328
6137784
8463190
9659422
536604
876011
1267900
490184
5367561
8427877
1166312
2761439
5425110
8473785
7411470
3961571
2388707
6377570
1456778
1878385
7967360
9475419
2028346
6808806
6516416
1762991
5407705
5919730
5485777
9852942
6147056
9179431
5758107
7867582
9319833
8340993
5795552
4456930
2128014
6052285
8677234
463284
4121173
8878727
1657476
2618101
4839096
2349790
6667611
3940198
809117
5978181
3364980
9747141
482092
3358557
5825095
4091380
2878901
5143445
9982030
2342748
9975858
8036733
2434289
4069184
2746798
9465263
6516143
6483875
9397707
7718164
8636713
2851838
1803339
9919587
5140813
5360679
2142753
2967582
6458243
6193700
7921349
4680351
3474272
9689696
6181640
6897671
9047450
8479914
9995501
8652823
1876539
5962281
5080310
4128001
7712780
165949
6404577
6709273
4744323
1391352
3291123
747470
2145359
9554753
3164557
6696620
7863409
1150024
4632891
2136023
9075534
9549059
7980112
1186067
5020734
3036697
7848056
2308058
1535077
9713591
8404042
147667
2283439
7054711
4658471
559085
6883332
1491741
5878649
258113
7619774
2560668
3836925
8628827
6804377
9743511
2559969
387972
6866777
3614063
9469780
4338100
6593641
6906291
4515274
6964952
4442281
3951865
2806755
5713450
4226204
7027332
3136183
7372679
8653817
6615196
4877143
2982664
1935383
5676499
6424172
4319874
6974612
9671311
1397404
4505915
4328980
8320185
3182258
9202681
6236932
8702544
2403309
6701435
7431949
4122032
6086035
7883318
6335606
8774942
6510507
7331265
2468025
4333337
4109246
8021083
3739635
3452810
3740586
6131753
6679216
4445846
843485
3117164
2877392
6091396
1445393
6705122
1030875
7101832
2878602
4772579
9290971
9118487
5020611
8832576
1261382
8391193
1599826
1308963
8347832
306665
8820266
926039
4409334
3612505
2509583
7864812
7252973
1141527
2967040
8204772
7687426
9834784
8496423
355187
6122428
1307164
8598996
3364756
371057
1668937
7350445
3270766
5958971
5038709
7501495
3002851
2231022
3542675
9264041
9192534
7513495
9632796
2043799
4864418
3963480
6469910
7058747
6111265
5220584
3760276
7873066
8102184
6056695
9815433
443442
7166384
4664422
3391551
4914134
1165816
2582918
8877927
5736073
6256639
361200
6123404
1881688
9685781
5515053
7249147
4170561
2125442
3036825
487228
5732137
9771715
3341629
8854352
5162482
2986612
2033756
5422055
265697
514686
4989891
8338845
5721563
3531638
8998410
6511819
7434890
3164332
6365668
37747
3576009
6247486
3580636
9814791
823893
3446054
2180000
5150885
9513108
9374355
519352
1154140
3233838
7790025
156340
3941955
3942519
4545674
193492
8592103
9342400
3862969
8198466
4790872
3753121
8178036
1485017
8476246
1685
725259
7648064
4750496
8161223
2016646
6630805
924817
6896661
4180069
7372298
6893676
6437398
9892240
2632816
8909221
5007054
8437906
4095458
8183841
6151190
9708360
2751001
6195144
5598854
6089040
4125178
7862103
7887334
1953204
4621028
3319880
4317251
4557945
422463
416126
1264141
8618224
8618926
7511931
7361069
8708038
6826162
9080785
7524116
9305976
1237389
1999959
3689420
6071624
8166313
5517861
5968852
4522667
3443502
2511685
2744534
3299106
987122
8831858
5074674
9676190
3255266
3929357
5270424
9853149
4649170
2401208
4252483
7138374
5104370
8046915
9465219
7717646
6691772
138978
8904699
7880524
5945220
4164984
5925749
3947954
9510231
4744384
9684125
8654245
9525336
7863380
2626119
6258014
7639065
9266249
6674063
5464927
5749789
9706782
5517749
521629
6231117
9871751
585904
9173147
1652432
4867778
1246542
3059284
1683777
2098617
6009928
4459662
4129278
6692484
5953547
9888552
4787368
5066156
6256937
9102520
2294400
2087459
8158698
9735268
5257109
8130301
5392873
6540239
9086393
4272667
4322897
7534296
4058842
2290092
695450
1032892
7583419
8923716
2841918
392833
6550097
4287812
7951343
1383285
7377517
3017672
5946330
8545881
5131844
4792220
2764390
6143381
313883
1800213
9264801
9702592
4842653
3314136
3359740
506431
2918437
8207937
5653889
6363915
9125784
1575848
4245822
2673228
4917042
808128
3305610
2186021
5861054
3940633
5535461
5381263
9392353
859328
8114764
5270707
5677194
8205893
9729434
6498436
329321
6449548
6821233
3383069
5546677
2573218
6330196
1108417
7567965
1835001
538146
8528391
713892
4930923
4780463
6352577
7512127
3080705
7935007
6064332
7118807
8719392
7910809
9443861
335451
6895393
3565609
6581153
4652136
5596812
1332352
8730820
880961
8156597
9613731
7151833
8814328
8882667
9025101
7465437
968159
3037872
8675334
2235596
4649547
3328590
1749447
16256
5401639
8878568
1104180
3512490
2187098
6150981
2847772
668729
2617820
8977631
2918483
2233318
7046645
1457041
5505060
5867570
3611444
346398
9299421
7288329
3349832
5205625
6601902
1781312
9551089
5121371
4308039
7129771
8629790
666619
4920186
407134
9323015
1816479
9605256
3927493
2041312
4977277
5651250
9084445
3135235
885353
3680431
3893452
7848343
5841235
8908218
248568
7268791
167630
8377099
8580133
5901707
3675691
7258696
531279
8080787
9709369
1350239
8139491
9618873
8584485
6170945
902853
443811
2176113
1497596
9023216
9838856
3419604
1706131
2450628
6948953
4618200
9378312
5411707
9849200
3890878
1791159
5602036
9404706
9701419
6165313
5778336
2868292
4193422
971108
4125382
3431622
9682115
2773598
3427183
8315114
1944626
3667180
9079607
282661
4384384
5464789
2586577
7309841
9357262
7655573
2034608
7411756
5227994
5448999
9697433
1022550
8522567
7734617
1346602
768195
959196
7788273
2904491
7723594
7436887
9361978
48421
